Python:  4.060128450393677
Scipy:  0.07391214370727539